X Y
5,8484366 6,6666197
4,6855874 5,2922159
3,8411261 19,9410042
4,7601627 7,7980413
3,6114214 6,9641638
6,3136158 19,9689221
4,7988776 19,0484735
3,2601727 8,3094294
3,6751327 7,0794818
4,2447027 7,8578247
4,1685729 19,6385556
5,8157261 6,1936141
5,6774675 19,3516253
4,3201248 7,4642964
4,3351472 6,3940771
2,7671729 19,0793764
4,5768171 6,1945393
5,9968411 6,3315014
3,6605111 18,9274581
4,7784184 5,910577
4,4977381 20,4924111
5,8845934 19,0879455
4,8539411 6,6929601
4,3244018 18,8945381
4,2931569 6,1471045
3,8607964 19,6416476
5,8427136 18,8827944
4,2099198 6,7261798
4,3749272 19,1174712
5,3360982 18,9898341
5,918362 7,6896731
3,3855758 19,9124919
5,1330684 19,523401
4,3928212 6,2577968
4,9205133 6,5093164
3,0413902 5,9449359
5,168705 20,2601301
4,2882496 19,0192818
4,7978459 19,8265251
5,0546972 6,9189751
4,9122632 6,5235444
5,3572199 6,7956225
5,3947116 20,4368275
5,2891194 7,4076126
5,2418255 18,6921468
5,2034218 18,9783302
3,8253693 6,995653
5,7842654 19,1362378
4,1769188 6,9640905
5,8727302 19,5097904
5,4911151 6,7919666
2,7384909 6,7728078
4,5924234 6,8883071
5,4915768 19,3418737
2,8569659 6,0100506
3,4744967 8,0762088
3,8873533 19,3963628
3,7015081 6,6853896
6,0929776 7,6905945
4,1766205 7,132973
4,6505899 5,3520236
4,5824021 6,8904804
4,3722629 6,3142444
4,6126986 19,2270123
4,9175489 8,4900148
3,8839467 18,9874625
3,3764591 18,5514015
3,2227411 6,4548719
4,7356676 19,6368043
5,3783488 6,3637067
4,716339 7,0347874
4,7550056 19,7903132
3,6344596 6,5045979
4,8972608 7,4153548
4,0744438 7,0692431
3,4247066 6,1710575
6,9955524 19,561253
5,2971861 6,8296114
5,3903074 18,5309423
5,3690043 20,2585164
4,3751955 5,4897404
3,7237212 18,8253378
4,334958 6,9676905
4,530005 7,2952528
5,0009375 6,7188328
3,7655106 18,1965443
5,7513196 5,3767333
4,194729 6,3962839
4,2084742 7,3021169
4,3363382 6,0368976
5,3571222 5,4720978
4,1688746 19,8551429
5,0317524 6,9585488
4,1831866 19,3238061
5,0090724 18,8837487
3,4205172 6,7039522
4,8242469 6,6981635
5,708746 19,9999656
5,1013098 6,3661193
4,1689487 6,7970645
5,5594053 7,1748955
5,3584216 19,3514505
5,1318473 6,28291
4,5609449 18,4391719
3,8887686 6,5223091
4,5048871 20,0106182
4,0589715 19,8840448
4,8013497 6,3805566
4,1801121 19,2476553
3,51639 6,7230453
5,03865 7,5962083
4,987242 19,6748762
4,4931593 20,4844735
5,1999886 7,2738852
4,9333923 19,0149846
4,529596 19,4586982
4,311525 19,8663968
5,558171 19,44083
5,0813247 19,1698395
3,8179101 19,1899738
4,2408798 19,5882764
6,3625291 18,7141476
5,3706547 18,1987662
6,1531792 18,2955557
4,8655128 19,7150256
4,772886 6,5929005
6,3149866 19,8929581
4,1346813 20,2489013
4,4107374 6,6104248
4,2821035 18,7162703
4,5760126 20,0607856
4,8149075 19,2506778
4,7185255 18,6439155
3,9681249 21,1732439
4,0457989 5,404807
5,2040313 20,5723909
5,4258121 18,0268946
3,2396723 6,5778683
3,9297753 19,7164237
6,0348168 20,3484135
4,2682639 5,831645
5,5679209 7,3425966
5,1426328 19,9898186
6,1759101 18,427498
5,7422092 18,4943175
3,4793687 6,8767831
5,3705791 19,3646779
5,5299452 19,5355514
5,4597191 7,6544567
4,6272118 6,586719
5,594419 18,1346831
6,0443173 5,8513843
3,210268 19,6142922
4,8537293 19,0773899
4,106417 6,2441541
4,2737749 6,5996438
5,2774117 19,9425728
4,742551 20,5669954
3,5185292 19,9460723
3,2579065 7,0477194
4,4203873 7,690808
6,0490339 18,7329574
2,91176 7,1634161
5,8242746 19,8151546
4,803657 17,8917259
5,5651506 19,9860642
4,9144716 7,0515608
4,0487606 19,5257278
5,6485351 19,0274008
4,4666424 5,9203963
4,9083786 6,9137731
4,9762819 19,9767109
3,5343305 6,199898
4,2283521 7,0307624
5,049417 19,7729123
3,5190147 20,5433863
5,4649035 6,7706675
5,1377752 7,3698961
5,3827898 19,1504579
4,1888982 6,0145856
3,4189506 7,4320413
4,5813156 5,7836682
4,4241755 6,4683949
5,9920038 19,4721025
4,1612456 6,6801709
4,2624349 7,950108
4,6143224 7,2354719
4,2163492 21,1010334
5,2149732 5,9657416
5,6163589 7,4170759
4,1681773 19,1380498
4,8583644 7,1996529
2,7684779 5,5362105
6,0788487 19,3803001
6,0154882 19,7862115
5,4556434 19,2070137
4,6234614 19,3031793
4,1679534 6,5335169
4,30324 18,6471174
4,349556 5,7298151
4,6371451 7,820801
5,6580031 18,8117548
5,2548395 6,9555244
5,4079013 7,7180054
4,1016049 6,7538928
4,7492144 6,2344328
6,4247849 7,1190161
4,2733457 7,0888084
5,9359071 19,6063799
5,510843 19,3314392
4,7742638 6,4667889
3,9241672 18,8261313
4,9134418 18,7434078
3,4332716 6,857588
4,053021 6,067115
4,1785587 7,4738715
3,7573999 6,243638
3,0015992 7,0363485
3,5954185 6,9589452
4,5645169 19,1066637
6,0083692 19,4849474
4,5933371 6,9485549
5,17778 19,8070526
4,1407243 4,9121129
3,2839934 6,3121219
4,0238763 19,2568468
4,3784821 6,3531386
4,4989474 6,4887635
5,5215293 19,6415885
5,9771288 19,8453219
5,1938691 7,0782184
4,5078453 7,1418411
4,5276478 18,178855
4,7044833 18,4540105
4,6363784 19,8725648
3,5445676 7,8304068
