X Y
13,697466 11,2304146
26,4163696 8,0107987
25,4482751 8,175176
25,4344747 7,0565842
25,0333584 6,6267413
26,2101757 7,350911
23,6845035 6,2972926
24,5609899 8,0455819
15,9603053 17,98517
26,1321459 7,6056902
15,0836484 10,9079266
14,2937903 11,8172036
26,0408274 7,9625645
15,0959673 17,932075
15,2865662 11,8828125
24,2316883 7,4282926
25,4462936 7,8131196
14,2843162 11,9267124
26,7114597 7,1539357
14,652262 10,8778318
25,1535206 6,6580094
14,0112977 11,314892
25,6190163 7,5691426
16,9482558 17,8165168
14,6613863 12,4622239
23,9486539 6,3376398
25,5450824 8,7104124
24,3287082 7,8909649
25,7019642 7,2832301
25,998318 7,1713884
25,0952348 6,4676896
25,3211834 7,2258759
24,836831 6,9940142
24,8002707 7,2000937
26,6580852 8,2224857
24,4236682 7,5507065
14,4112368 11,7874367
13,6032017 11,6743426
16,4343862 17,8473308
25,0435015 7,6156881
25,1735865 7,6403154
12,9459856 12,1900985
25,874161 7,2032788
24,6385938 6,6103791
25,4244234 7,7352457
13,238865 10,6120958
26,0249369 7,9863991
25,5104767 7,8204027
25,2020605 7,1682343
13,6097769 11,0512496
26,1759776 8,2730649
26,4027899 7,9260633
25,8468941 7,5594525
14,1451202 11,1207691
26,0173586 6,2722293
14,5713989 12,1455947
25,4494133 7,5829676
24,3068804 6,9752077
14,860862 17,5952108
26,3887129 7,7123314
14,678153 11,6487773
13,87065 10,2337608
24,307925 8,0527396
14,3973089 11,423255
25,9437737 7,4637785
25,257842 6,9378138
17,0534258 17,0762438
25,1615536 8,3082608
13,6732974 11,1292428
15,7017847 18,5847127
13,9440187 11,9771287
25,8232424 7,0850562
13,2991005 11,1898597
24,9244217 7,8276878
14,273211 12,0648072
24,2338208 7,2799967
25,6408532 7,3636018
27,291078 6,8200042
43,6929694 34,2910205
14,3591782 12,7069003
13,2088644 11,0413984
14,6198241 11,7319946
17,9779972 17,8380464
25,5349083 6,7043845
25,8402258 8,2038456
26,3896242 7,2142267
14,0659124 11,3397965
24,7569436 6,9694511
24,049334 6,9272542
25,4879881 6,803075
15,5910617 18,1354522
25,7914669 7,2548508
26,9091787 6,969442
17,3338335 18,0592278
24,30489 6,9982148
26,2475299 8,0596758
14,3086516 11,3596546
25,3744747 8,2710135
26,0446469 7,9882981
25,1781475 7,3659595
23,4834091 6,7647418
24,4232604 7,5391931
25,4335216 7,4979075
16,4029894 18,6103938
16,2837328 18,0063639
14,226792 12,3012358
13,5510976 11,8849147
14,3855676 11,6940017
25,4678545 7,1486538
14,7685984 11,90302
25,8317408 7,4665667
25,3867854 8,3650578
26,6390941 7,4488594
26,294063 8,6495312
24,9389871 6,6678
14,8404633 11,9681893
24,6378151 6,7243976
24,6474237 8,2580961
24,7398211 7,3382626
26,3912257 6,817164
25,499753 6,8859373
24,7264678 7,4660628
16,2231164 16,9012668
24,8340195 8,0434339
14,4372162 10,9165155
25,3722012 7,6015593
26,5246263 8,0774239
17,628643 17,7124463
25,8976276 7,1501752
14,5840121 11,0995088
25,7020844 6,0980936
25,5432 7,4811218
26,8589799 8,047023
14,0090732 10,7338272
16,6290184 16,3869629
25,7280007 7,38724
14,22526 11,8915918
24,8350426 7,0783725
24,3560842 7,7588537
25,0960853 7,4221428
16,5670393 18,0567704
24,6967794 7,2061284
16,3038543 18,1316112
16,1689361 16,423996
25,2684495 6,8208762
26,0821093 6,828682
17,5388507 17,9197439
24,1978121 7,6876114
25,5185382 7,8564323
18,4418616 17,7123685
15,6284387 17,9633384
26,7393527 7,982262
24,7211627 7,1290472
17,0826905 17,9496151
14,5605858 10,8334048
13,9793063 12,3680899
25,5327297 7,8543433
25,8575343 7,5398138
25,4871298 7,5561844
25,9878409 7,2494066
14,1894353 10,9948302
26,3546134 7,7911274
24,6513979 7,506662
26,9488082 8,2171572
24,3507121 6,2115073
25,4784791 8,3451791
26,2891976 7,5764449
25,1157472 6,704569
13,5126887 11,1656158
14,7076549 11,1793057
25,4834993 7,1774535
26,321299 8,5541524
25,2898889 7,9343447
24,9940222 7,2005657
25,6175336 8,1263678
24,2687537 6,882644
24,6052888 7,0284851
13,5381854 11,730795
25,1795146 7,3773333
24,2478699 6,4330947
26,0270161 7,7474843
26,0831355 6,8854313
25,2356265 7,8561476
25,5365842 6,6075985
25,7685821 8,1857944
25,471244 7,4518469
24,3497681 7,3103044
24,766194 7,0338708
26,0518822 7,4979681
25,5373103 7,2754146
24,0297606 7,5872773
26,3601826 7,6042861
15,236991 11,5747926
24,1371905 6,8595197
26,7567515 7,254734
24,9698733 6,3921717
25,1357957 6,4800708
14,1442224 11,4204213
26,1454877 8,58899
24,048628 8,3300546
15,7828413 18,8486469
16,5841885 11,4861588
23,6836085 7,3208683
14,9530419 11,5829463
25,284751 7,567843
25,2175917 7,4212032
24,8686151 7,8638413
13,6271017 11,1877079
15,310786 12,0824262
24,2944648 7,6406262
25,6947513 8,1460232
15,2992582 11,6160408
17,0387146 16,7129365
25,5466314 8,6169934
25,3280983 7,8985584
14,7935728 11,9553349
24,6743936 7,1180138
26,3127775 7,9940273
25,3988301 7,1455221
26,0575084 7,7047362
16,9103132 17,9064678
17,5359015 17,7240053
24,0587438 7,6514804
24,9404397 7,5636072
24,2155426 7,5308542
14,7563966 11,5679352
14,0261631 12,175527
16,0719574 17,6142767
14,3169299 11,7215168
14,5302774 11,4229066
25,400445 6,9774248
25,408916 8,1902061
13,9629164 10,7707811
25,7688643 7,1892915
25,6425475 7,2494171
15,6032725 10,4923401
25,9921411 7,7184882
14,5550793 10,6802803
26,1744776 7,8790485
26,0581911 7,6994509
24,5279944 7,0764855
24,7674641 7,3232036
14,256215 11,2167894
17,0115844 17,7256531
13,63308 11,6014166
25,9219355 6,8203836
17,1961985 17,5459269
25,7424198 6,5943222
24,4125134 7,5308105
24,8594767 6,6480853
26,6013442 6,6824601
25,8246218 7,7887409
15,5757555 17,4947346
25,989469 7,4952729
24,7493465 7,8772735
17,1680637 18,0426599
25,7059476 7,3512571
25,8234505 7,7212859
16,5774358 17,9618044
24,4564933 7,2448425
16,6894107 18,2575947
25,9733942 8,0093606
24,8581732 7,6868264
26,3207117 7,5497221
15,0602723 12,7013228
25,8722814 7,4487129
26,6189042 8,6391309
24,3232279 8,8237872
16,1358107 17,2135124
25,0050784 7,3044223
25,115641 7,2518146
14,2982633 11,2696556
25,5274862 7,1261143
16,0079448 17,9464983
25,7047037 7,5781006
16,7058365 17,61278
25,0926792 7,626581
26,6079396 7,643395
25,8268026 7,5191655
17,8283189 17,1030493
15,7971385 17,2210281
14,5702894 12,1123879
15,505047 18,5481355
25,4580064 7,7093939
26,0384783 8,0874056
24,5273932 7,9661898
24,9691725 6,9233223
13,4023796 11,0349714
15,176659 11,6912968
25,4350348 8,1477196
26,9743669 6,8624074
25,8441387 7,2965236
25,4495457 7,8461445
24,5036877 7,3643117
17,227626 17,1242563
24,2353623 8,3262619
25,3914989 7,7070219
16,5743983 15,7303273
12,3151534 11,2316484
15,7614871 17,406438
25,006068 7,7785361
24,907944 7,5831265
14,6423663 11,9902315
13,6914503 11,3292773
14,5481247 10,8572036
25,7679786 7,215243
26,1790129 8,4725262
25,9442957 6,5893256
26,4317401 7,2636907
25,6113957 6,249836
24,4105195 7,1959811
25,5629091 7,9859086
24,9890859 6,3865779
25,7899942 8,0290033
15,8020588 17,3650216
16,514491 16,7511736
25,1462986 7,7466146
12,6454251 11,9596995
24,6072673 7,2662759
15,4109032 11,2946215
24,4123512 7,5270819
14,9257372 11,8023768
25,4749911 6,0455101
13,7309836 11,5512962
23,8453827 7,180957
24,2792524 7,9855774
13,3530666 11,0642784
14,201191 12,3984337
24,2072773 7,1917944
24,8972332 7,5375737
26,0798888 6,568616
13,0801286 11,6423612
25,2777735 8,487053
12,2081772 12,1080359
25,8115611 7,3788446
25,4269787 7,7300654
14,126214 12,040764
16,6348693 17,5976073
24,980168 6,8487932
25,7762438 7,5041984
13,4672279 12,1077689
17,6583637 17,0638087
15,0967467 11,1699737
15,1553315 11,6175822
25,1014439 6,6179294
26,1812073 8,4775674
25,3741258 6,7871288
13,9467709 11,637477
17,3184566 17,2477343
25,5879876 7,868501
24,8243668 6,7682173
13,4966163 11,9749868
14,7636888 11,4609098
25,8613395 8,38427
15,4856002 18,1954678
25,2387875 8,3211535
15,4896987 12,3184654
16,3985111 17,1843461
25,8230804 7,5207577
25,5347769 8,3825366
25,5014495 7,5003075
25,6258647 6,8181505
24,0283561 6,6860776
26,3700583 7,7091212
27,352248 7,2346542
16,0714984 17,8599414
25,2537882 7,6363036
16,7276629 17,7661695
14,4865858 11,8782998
25,4644269 7,3680925
13,2345987 11,3629738
25,6926868 7,9875544
16,2776496 17,5724818
25,932802 7,3339158
25,2631945 6,4611825
23,9609166 6,7676757
26,3193191 7,3778701
26,0129697 6,4292471
24,8182944 8,0228778
14,740951 11,3864649
25,3263721 7,3775711
16,7197373 17,4986361
14,6265693 10,9216811
25,5989694 6,1769749
14,4041747 11,9698037
17,4646996 16,9792408
16,7852708 17,3335907
25,4230863 7,8257307
17,2715751 18,008078
16,1454125 12,26085
14,4257708 11,7781436
23,3805175 6,8725684
14,8241377 12,1001003
26,4211205 7,0145991
24,2150894 6,8580949
25,6478558 6,6844715
25,2669465 7,473389
14,8185742 12,1572798
25,9148839 7,7253966
25,416887 6,7284434
25,0466808 8,5184089
23,5973897 7,0216682
25,4265892 8,4212826
26,6863096 8,6404667
17,4435705 16,9832503
24,0666034 7,9238402
25,917717 7,6022559
25,7728598 7,9497836
25,1623918 7,9038895
24,9559738 7,0067835
25,0813697 6,7278555
13,1231447 11,6631556
14,9543121 11,033082
24,8517552 7,2118777
15,7763315 18,2979235
17,2879929 18,1963267
25,8161195 7,0778688
24,7530762 8,0952547
26,1189896 6,8533633
13,7813631 11,5275039
25,4237573 8,3848607
17,2931436 17,7470782
25,180308 6,9210467
17,2248134 17,4315391
24,3111549 8,084762
14,7169949 11,5934698
25,7092739 7,981865
24,3040893 7,6952076
25,5157288 8,1072163
16,4822325 18,0833017
14,5171304 10,8757518
16,1044505 16,712758
25,4502341 6,3272961
26,5542381 6,9515644
-5,7918228 29,2910205
25,6448298 6,454342
24,904782 7,0356585
13,381259 11,9841547
16,1138935 18,6561691
26,1635664 6,9931158
14,432918 12,6395347
24,9095525 6,6483989
25,0233136 7,5534952
14,281975 11,3467966
13,9291633 12,2630674
26,1135214 8,8701719
24,58959 7,4565951
25,2054404 6,3711355
25,3444586 6,9872041
17,67028 16,3109946
14,9109766 12,0457304
25,4286281 7,145235
26,5272148 7,7907599
17,1353186 17,3214983
25,8839794 6,9183496
24,2816551 7,7518427
14,7908283 12,1386681
25,9708015 6,9338396
24,9867323 8,5680954
17,7808412 16,9021626
25,4927231 7,8421493
26,1088796 7,221087
25,8540409 7,276522
25,2143741 6,4862562
25,7300626 7,6093471
26,0617327 7,7389209
14,3495505 11,7431444
24,8317216 7,6561298
25,2136086 8,4162186
17,4042396 18,0519028
24,089766 6,8291792
24,0480599 6,1537377
26,2575834 7,6639479
14,2307106 11,1178125
16,6341031 18,1220302
26,4791938 7,1909757
16,1832939 17,9690084
25,1384974 6,4080754
25,7338669 7,2546429
14,0780502 11,506008
24,1911101 7,2305489
25,6755245 6,6079732
17,8571932 17,9541462
14,9022154 12,0538233
14,7947644 12,8054287
13,5393805 12,3463042
23,9337716 7,866099
14,1880336 11,662899
25,4088698 6,2327143
25,6444639 7,926698
26,717388 8,0323914
23,8254645 7,7711799
25,6092408 7,9844778
13,1098687 12,2539606
26,4112254 7,9888343
13,6102752 10,7558644
18,5422849 17,6574667
15,8868136 16,9662563
12,8816915 12,6551742
15,6182006 19,2910205
26,1313735 7,8390322
25,3384539 8,0720025
25,6019343 6,8051084
25,5289889 7,6669693
15,5779728 12,1757003
24,6648007 7,1244421
13,1930073 11,9758187
25,5747207 7,6692172
13,7978864 11,5924979
4,4381772 -18,2544899
14,0939933 11,5047804
25,9879343 7,3061528
25,6506025 7,4075544
13,5067021 10,9321994
25,8207814 8,0199736
13,3322263 11,7363452
26,7624827 7,2079911
26,3345228 8,2334936
25,0640037 7,9197755
24,7798211 6,5424576
13,923457 11,3018334
25,1760619 7,0608874
26,0306581 7,8806632
26,4307963 8,267917
25,7292274 8,2460133
25,5919309 6,8517651
14,9410328 11,7335829
25,9882909 7,6100473
25,4296496 7,2597082
25,9361135 6,380775
13,5118509 11,3360406
24,9037246 7,1604816
25,8214997 7,5768486
13,5683342 12,3857
16,974944 17,7266776
26,3914716 8,7662637
24,8769376 6,874704
25,0299883 6,4236805
25,8266455 7,2640391
25,880911 8,0303931
13,6392955 11,61947
25,6806026 8,5760678
14,0898119 11,2568221
26,0027325 8,2239
23,8871812 7,0702743
17,0118728 17,8969293
25,6346716 6,8243868
15,3237975 11,7882374
13,1709818 11,6347429
25,7618312 8,1771232
25,132137 6,6037639
13,6211369 11,2537316
14,5363312 11,3651211
24,6527481 6,5703496
23,801097 6,8132593
25,6867071 7,6062196
25,1144036 7,1662164
26,2136522 8,0520048
17,0267741 16,9997107
15,0322614 11,6129505
25,8378972 7,3976164
25,0192331 8,1540534
16,5007171 16,8195516
18,2423567 16,9109578
24,5710245 7,5372595
24,7091991 7,0080463
24,6279855 8,1322848
26,6743523 7,6545957
25,645976 6,7739593
24,8772996 7,3721661
27,2941101 7,9766268
26,0930823 6,9094916
24,0386204 7,1365007
15,3860549 11,0070101
16,829375 17,9848963
25,1044209 7,3703755
25,8872092 7,1814772
25,1713342 7,1553021
25,279344 6,732949
17,4699906 18,5311433
17,020116 17,4327807
24,7771103 8,3314727
25,7043628 6,9791977
17,9217997 17,7653212
26,0134978 7,528024
14,6820086 12,450362
25,1973399 7,0615936
25,8192985 7,3966357
14,3119546 11,5238404
24,6391879 7,3700017
14,1231957 12,4257019
27,6929694 7,4729942
16,5245723 17,914122
25,2763185 7,4397805
17,0067092 17,6525817
13,855006 11,7897471
26,2396463 9,0364085
25,0906804 8,1019407
25,8240952 6,8244113
25,4145725 6,8416158
16,9245841 17,2665453
25,9651976 6,3403815
17,6426462 17,770814
14,9315384 11,3622308
18,2559323 18,1990623
26,3547064 7,8890953
14,2807831 11,1071332
12,6546749 12,1469057
26,9365114 8,850421
14,4103665 11,5892497
26,0645161 7,6169771
26,1922917 7,3797052
25,624406 6,5368784
24,4063949 6,9949802
15,9410136 12,3611893
24,6832413 6,8414139
24,6603468 6,8960443
25,6530994 6,8442069
25,436031 6,5958188
25,4064703 7,5315843
25,5834831 6,368578
25,9527848 6,8395745
15,6475062 11,7365607
25,4644859 6,8212817
25,7901001 7,3107722
13,3123199 12,6758952
27,6219373 7,8436215
25,0779813 6,8968357
25,5126079 7,4780041
26,1383535 8,4901036
25,5103817 7,7969417
14,6168306 12,2269717
26,3369684 7,4248917
15,1264383 12,2269682
25,1438668 8,6957593
14,1191444 10,8434346
